time: 4514.5289575289
expectedWaitTime: !!float 150
averageArrivalRate: 0.0014612761811982
averageServiceRate: 0.0035377358490566
numberOfPeopleInLine: 1
queueUtilization: 0.4130540672187
