expectedWaitTime: 61.666666666667
averageArrivalRate: 0.011695906432749
averageServiceRate: 0.016216216216216
numberOfPeopleInLine: 1
queueUtilization: 0.72124756335283
