expectedWaitTime: 136.71428571429
averageArrivalRate: 0.041450777202073
averageServiceRate: 0.033018867924528
numberOfPeopleInLine: 8
queueUtilization: 1.2553663952628
