time: 4514.5289575289
expectedWaitTime: !!float 0
averageArrivalRate: 0.0012033694344164
averageServiceRate: 0.001984126984127
numberOfPeopleInLine: 0
queueUtilization: 0.60649819494585
